[38;2;0;0;0mx[38;2;22;37;49mh[38;2;59;101;134mW[38;2;57;97;129mM[38;2;58;99;132mW[38;2;55;95;126mM[38;2;43;78;105m#[38;2;39;71;97m#[38;2;39;71;97m*[38;2;39;71;97m#[38;2;39;71;97m#[38;2;39;71;97m*[38;2;39;71;97m#[38;2;39;71;97m*[38;2;39;71;97m#[38;2;39;71;97m#[38;2;39;71;97m*[38;2;39;71;97m#[38;2;39;72;97m*[38;2;39;72;97m#[38;2;39;72;97m#[38;2;41;74;101m#[38;2;52;90;120mM[38;2;58;100;133mW[38;2;57;97;129mM[38;2;57;97;129mW[38;2;57;97;129mM[38;2;57;97;129mW[38;2;57;98;130mM[38;2;57;98;131mW[38;2;47;85;113m#[38;2;39;78;103m#[38;2;47;85;114mM[38;2;58;98;131mM[38;2;57;98;130mW[38;2;57;97;129mM[38;2;57;98;130mW[38;2;58;99;132mM[38;2;49;86;117mM[38;2;39;74;103m#[38;2;45;81;111m#[38;2;56;95;127mM[38;2;48;85;113mM[38;2;44;79;104m#[38;2;44;80;105m#[38;2;46;82;108mM[38;2;41;73;98m#[38;2;35;60;83mo[38;2;37;63;86m*[38;2;43;78;103m#[38;2;45;81;108m#[38;2;44;79;105m#[38;2;47;83;110mM[38;2;17;31;40mk[38;2;0;0;0m.[0m
[38;2;0;0;0mu[38;2;21;36;48mh[38;2;57;98;130mM[38;2;56;96;128mW[38;2;41;70;93m*[38;2;13;20;26mb[38;2;48;50;53mo[38;2;72;74;75m#[38;2;70;73;76mM[38;2;70;73;76m#[38;2;70;73;76m#[38;2;70;73;76m#[38;2;70;73;76m#[38;2;70;73;76mM[38;2;70;73;76m#[38;2;70;73;76m#[38;2;70;73;76m#[38;2;71;73;76mM[38;2;66;71;76m#[38;2;64;70;76m#[38;2;65;71;76m#[38;2;55;61;65m*[38;2;15;20;24md[38;2;30;52;69mo[38;2;55;95;126mM[38;2;55;94;125mM[38;2;55;94;125mM[38;2;56;95;126mM[38;2;50;86;114mM[38;2;18;31;41mk[38;2;30;15;19mb[38;2;67;25;31ma[38;2;30;15;19md[38;2;18;31;42mk[38;2;51;86;115mM[38;2;56;96;127mM[38;2;53;91;121mM[38;2;23;39;52ma[38;2;24;24;19mb[38;2;69;61;33m*[38;2;42;37;23ma[38;2;15;25;33mk[38;2;45;77;103m#[38;2;45;80;107mM[38;2;43;77;102m#[38;2;23;40;53mh[38;2;7;17;18mq[38;2;16;52;44ma[38;2;13;41;35mh[38;2;9;16;21md[38;2;32;57;76m*[38;2;44;79;104m#[38;2;45;80;106m#[38;2;17;30;39mk[38;2;0;0;0m.[0m
[38;2;0;0;0m.[38;2;21;36;48mh[38;2;57;98;130mW[38;2;57;97;129mM[38;2;14;26;36mk[38;2;15;13;11mq[38;2;202;207;214m@[38;2;242;249;253m$[38;2;239;245;253m$[38;2;239;245;253m@[38;2;239;245;253m$[38;2;239;245;253m$[38;2;239;245;253m$[38;2;239;245;253m@[38;2;239;245;253m$[38;2;239;245;253m$[38;2;239;245;253m$[38;2;239;245;253m@[38;2;226;240;253m$[38;2;216;237;253m@[38;2;218;238;254m$[38;2;211;230;241m@[38;2;55;58;61m*[38;2;0;0;1m.[38;2;52;89;118mM[38;2;56;95;126mW[38;2;55;94;125mM[38;2;57;98;130mW[38;2;36;62;81m*[38;2;0;0;0m.[38;2;139;47;58mM[38;2;245;86;106m8[38;2;137;47;57mM[38;2;0;0;0m.[38;2;36;62;83m*[38;2;58;100;133mW[38;2;44;76;101m#[38;2;0;0;0m.[38;2;112;92;46mW[38;2;249;221;115m@[38;2;186;155;80m%[38;2;1;0;0m.[38;2;26;46;62ma[38;2;54;94;125mM[38;2;39;71;94m#[38;2;0;0;0m.[38;2;15;54;44ma[38;2;58;194;162m%[38;2;49;165;138m&[38;2;1;9;5mw[38;2;13;22;30md[38;2;44;80;105m#[38;2;45;80;106m#[38;2;17;30;39mk[38;2;0;0;0mY[0m
[38;2;0;0;0mn[38;2;21;36;48mh[38;2;57;98;130mM[38;2;56;96;127mW[38;2;46;79;105m#[38;2;18;30;40mk[38;2;28;33;37mk[38;2;45;49;52ma[38;2;44;48;52mo[38;2;44;48;52mo[38;2;44;48;52mo[38;2;44;48;52ma[38;2;44;48;52mo[38;2;44;48;52mo[38;2;44;48;52mo[38;2;44;48;52ma[38;2;44;48;52mo[38;2;44;48;52mo[38;2;41;47;52mo[38;2;40;47;52ma[38;2;41;48;52ma[38;2;33;39;44ma[38;2;15;24;31mb[38;2;37;64;85m*[38;2;56;95;127mM[38;2;55;94;125mM[38;2;55;94;125mM[38;2;55;95;126mM[38;2;53;90;120mM[38;2;26;44;58ma[38;2;19;18;24mp[38;2;40;21;26mk[38;2;19;18;24mp[38;2;26;44;59ma[38;2;53;90;120mM[38;2;56;95;126mM[38;2;55;93;124mM[38;2;31;52;70mo[38;2;17;22;25md[38;2;41;40;27ma[38;2;24;27;24mb[38;2;21;36;48mh[38;2;50;86;114mM[38;2;56;96;127mM[38;2;48;84;111mM[38;2;28;50;66ma[38;2;10;19;24md[38;2;12;33;31mk[38;2;10;27;26mb[38;2;14;25;32mb[38;2;36;65;85m*[38;2;44;78;104m#[38;2;45;80;106mM[38;2;17;30;39mk[38;2;0;0;0m.[0m
[38;2;0;0;0m.[38;2;22;37;50mh[38;2;59;102;135mW[38;2;57;98;130mM[38;2;58;100;132mW[38;2;58;99;132mM[38;2;51;89;120mM[38;2;47;84;114mM[38;2;47;84;114m#[38;2;47;84;114mM[38;2;47;84;114m#[38;2;47;84;114mM[38;2;47;84;114m#[38;2;47;84;114mM[38;2;47;84;114m#[38;2;47;84;114mM[38;2;47;84;114m#[38;2;47;84;114mM[38;2;48;84;114mM[38;2;48;84;114mM[38;2;48;84;114mM[38;2;49;87;117mM[38;2;57;97;129mM[38;2;59;101;134mW[38;2;57;98;130mW[38;2;57;98;130mW[38;2;54;94;126mM[38;2;53;92;123mW[38;2;55;95;127mM[38;2;59;101;134mW[38;2;54;94;125mM[38;2;48;89;118mM[38;2;54;94;125mM[38;2;59;101;134mW[38;2;58;98;131mW[38;2;57;98;130mM[38;2;57;98;130mW[38;2;59;101;134mW[38;2;55;95;127mM[38;2;48;86;118mM[38;2;52;91;123mM[38;2;59;100;133mW[38;2;58;99;132mW[38;2;57;98;130mM[38;2;55;95;126mW[38;2;47;83;111m#[38;2;44;79;105m#[38;2;40;71;96m#[38;2;41;73;98m#[38;2;46;82;108m#[38;2;46;82;108mM[38;2;45;80;106m#[38;2;47;83;110mM[38;2;18;31;41mb[38;2;0;0;0mX[0m
[38;2;0;0;0mv[38;2;9;17;24mp[38;2;24;48;67ma[38;2;23;46;64ma[38;2;23;46;64ma[38;2;23;46;64mo[38;2;23;47;65ma[38;2;23;47;65ma[38;2;23;47;65ma[38;2;23;47;65ma[38;2;23;47;65mo[38;2;23;47;65ma[38;2;23;47;65ma[38;2;23;47;65ma[38;2;23;47;65mo[38;2;23;47;65ma[38;2;23;47;65ma[38;2;23;47;65ma[38;2;23;47;65ma[38;2;23;47;65ma[38;2;23;47;65ma[38;2;23;47;65ma[38;2;23;46;64ma[38;2;23;46;64ma[38;2;23;45;64ma[38;2;23;47;65ma[38;2;52;85;111mM[38;2;70;107;136mW[38;2;52;85;111mM[38;2;23;47;65ma[38;2;23;46;64ma[38;2;23;47;65ma[38;2;23;46;65ma[38;2;23;46;64ma[38;2;23;46;64ma[38;2;23;46;64ma[38;2;23;46;64ma[38;2;23;46;64ma[38;2;23;46;64ma[38;2;23;47;65ma[38;2;23;46;65ma[38;2;23;46;64ma[38;2;23;46;64ma[38;2;23;46;64ma[38;2;23;46;64ma[38;2;18;38;54mh[38;2;17;36;50mh[38;2;17;37;51mh[38;2;17;37;51mh[38;2;17;36;50mh[38;2;17;36;50mh[38;2;17;36;50mh[38;2;17;37;52mh[38;2;7;14;19mq[38;2;0;0;0m.[0m
[38;2;0;0;0m.[38;2;48;49;50mo[38;2;129;131;130m8[38;2;124;126;130m8[38;2;124;126;130m&[38;2;124;126;130m8[38;2;124;126;130m&[38;2;128;130;134m8[38;2;130;132;136m8[38;2;130;132;136m8[38;2;130;132;136m8[38;2;130;132;136m8[38;2;130;132;136m8[38;2;130;132;136m8[38;2;130;132;136m8[38;2;130;132;136m8[38;2;130;132;136m8[38;2;130;132;136m8[38;2;130;132;136m8[38;2;130;132;136m8[38;2;130;132;136m8[38;2;130;132;136m8[38;2;130;132;136m8[38;2;130;132;136m8[38;2;129;131;135m8[38;2;127;130;134m8[38;2;193;200;209mB[38;2;226;235;244m@[38;2;193;201;209m@[38;2;126;129;132m&[38;2;124;126;130m8[38;2;127;130;133m8[38;2;128;130;134m8[38;2;128;130;134m8[38;2;128;130;134m8[38;2;128;130;134m8[38;2;127;129;133m8[38;2;125;128;131m&[38;2;124;126;130m8[38;2;124;126;130m8[38;2;124;126;130m&[38;2;124;126;130m8[38;2;124;126;130m&[38;2;124;126;130m8[38;2;124;126;130m&[38;2;122;126;130m8[38;2;113;122;131m&[38;2;113;122;131m&[38;2;113;122;131m&[38;2;113;122;131m&[38;2;113;122;131m&[38;2;113;122;131m&[38;2;117;127;131m8[38;2;43;47;50ma[38;2;0;0;0mX[0m
[38;2;0;0;0mv[38;2;96;99;102mW[38;2;255;255;255m$[38;2;249;255;255m$[38;2;249;255;255m$[38;2;249;255;255m$[38;2;252;255;255m$[38;2;219;227;235m@[38;2;193;204;211m@[38;2;192;203;210mB[38;2;192;203;210mB[38;2;192;203;210m@[38;2;192;203;210mB[38;2;192;203;210mB[38;2;192;203;210m@[38;2;192;203;210mB[38;2;192;203;210mB[38;2;192;203;210m@[38;2;192;204;211mB[38;2;192;204;211mB[38;2;192;204;211m@[38;2;192;204;211mB[38;2;192;204;211mB[38;2;192;204;211m@[38;2;209;217;225m@[38;2;248;255;255m$[38;2;246;253;255m$[38;2;241;248;255m$[38;2;244;251;255m$[38;2;249;255;255m$[38;2;245;252;255m$[38;2;221;227;236m@[38;2;218;225;233m@[38;2;218;225;233m@[38;2;218;225;233m@[38;2;218;225;233m@[38;2;222;229;237m@[38;2;243;250;255m$[38;2;255;255;255m$[38;2;251;255;255m$[38;2;249;255;255m$[38;2;249;255;255m$[38;2;249;255;255m$[38;2;249;255;255m$[38;2;249;255;255m$[38;2;247;255;255m$[38;2;229;249;255m$[38;2;226;248;255m$[38;2;226;248;255m$[38;2;226;248;255m$[38;2;226;248;255m$[38;2;226;248;255m$[38;2;234;255;255m$[38;2;86;96;102mM[38;2;0;0;0mL[0m
[38;2;0;0;0mu[38;2;92;95;98mW[38;2;248;255;255m$[38;2;239;246;255m$[38;2;239;246;255m$[38;2;245;252;255m$[38;2;124;128;132m&[38;2;21;16;17mb[38;2;69;25;31mh[38;2;73;27;33mo[38;2;73;26;33ma[38;2;73;26;33ma[38;2;73;26;33mo[38;2;73;26;33ma[38;2;72;26;32ma[38;2;78;28;35mo[38;2;80;29;36mo[38;2;73;25;32ma[38;2;71;18;25ma[38;2;71;18;25mh[38;2;71;18;25mh[38;2;71;18;25ma[38;2;71;18;25mh[38;2;72;18;25mk[38;2;30;12;15mq[38;2;73;77;80m#[38;2;233;240;246m$[38;2;241;248;255m@[38;2;239;246;255m$[38;2;243;250;255m$[38;2;203;209;217mB[38;2;67;69;71m#[38;2;59;61;63m#[38;2;59;61;63m*[38;2;59;61;63m#[38;2;60;62;63m*[38;2;55;57;58m*[38;2;46;47;49mo[38;2;121;125;129m&[38;2;231;238;244m$[38;2;241;248;255m$[38;2;239;246;255m@[38;2;239;246;255m$[38;2;239;246;255m$[38;2;239;246;255m$[38;2;240;246;255m@[38;2;224;241;255m$[38;2;216;238;255m@[38;2;217;238;255m@[38;2;217;238;255m@[38;2;217;238;255m@[38;2;217;238;255m@[38;2;225;247;255m$[38;2;83;92;98mM[38;2;0;0;0mJ[0m
[38;2;0;0;0m.[38;2;92;95;98mW[38;2;248;255;255m$[38;2;239;246;255m@[38;2;240;247;255m$[38;2;242;249;255m$[38;2;48;53;54mo[38;2;34;5;9mp[38;2;237;84;104m8[38;2;242;86;107m8[38;2;246;87;108m8[38;2;246;87;108m8[38;2;246;87;108m8[38;2;246;87;108m8[38;2;250;89;110m8[38;2;192;68;84m&[38;2;169;60;74mW[38;2;245;87;108m8[38;2;244;74;97m8[38;2;240;58;82m&[38;2;240;58;82m&[38;2;240;58;82m&[38;2;236;57;81m&[38;2;243;58;83m&[38;2;95;20;29mo[38;2;0;6;6m.[38;2;212;219;227m@[38;2;243;250;255m$[38;2;239;246;255m$[38;2;239;246;255m@[38;2;239;246;255m$[38;2;236;243;251m$[38;2;234;241;250m@[38;2;234;241;250m$[38;2;234;241;250m@[38;2;235;242;250m$[38;2;236;242;247m$[38;2;167;171;178m%[38;2;0;0;0mL[38;2;112;116;120m&[38;2;249;255;255m$[38;2;240;247;255m$[38;2;239;246;255m$[38;2;239;246;255m@[38;2;239;246;255m$[38;2;240;246;255m$[38;2;227;242;255m@[38;2;216;238;255m$[38;2;217;238;255m@[38;2;217;238;255m$[38;2;217;238;255m@[38;2;217;238;255m$[38;2;225;247;255m@[38;2;83;92;98mW[38;2;0;0;0m.[0m
[38;2;0;0;0m.[38;2;92;95;98mW[38;2;248;255;255m$[38;2;239;246;255m$[38;2;240;247;255m@[38;2;242;249;255m$[38;2;53;58;60m*[38;2;37;8;12mp[38;2;234;84;104m8[38;2;229;82;102m8[38;2;185;66;82mW[38;2;180;64;80mW[38;2;180;64;80mW[38;2;180;64;80m&[38;2;186;67;82mW[38;2;48;18;21mk[38;2;2;1;1m.[38;2;171;61;76mW[38;2;184;65;81mW[38;2;184;48;66mM[38;2;179;43;61mM[38;2;176;43;61mM[38;2;211;52;73mW[38;2;240;59;83m&[38;2;96;22;31mo[38;2;5;12;12mm[38;2;213;220;228m@[38;2;243;250;255m$[38;2;239;246;255m$[38;2;239;246;255m$[38;2;239;246;255m$[38;2;240;247;255m$[38;2;240;247;255m$[38;2;240;247;255m$[38;2;240;247;255m$[38;2;240;247;255m$[38;2;234;240;247m@[38;2;232;238;248m$[38;2;21;22;22mp[38;2;76;78;81m#[38;2;241;249;250m$[38;2;233;240;249m@[38;2;239;246;255m$[38;2;239;246;255m$[38;2;239;246;255m@[38;2;240;246;255m$[38;2;230;243;255m$[38;2;216;238;255m@[38;2;217;238;255m$[38;2;217;238;255m@[38;2;217;238;255m$[38;2;217;238;255m@[38;2;225;247;255m$[38;2;83;92;98mM[38;2;0;0;0mL[0m
[38;2;0;0;0m.[38;2;92;95;98mW[38;2;248;255;255m$[38;2;239;246;255m$[38;2;240;247;255m$[38;2;242;249;255m$[38;2;53;58;60mo[38;2;37;8;12mp[38;2;236;84;105m8[38;2;210;75;93m&[38;2;82;29;36mo[38;2;72;26;32ma[38;2;72;26;32ma[38;2;76;27;33ma[38;2;81;29;36mo[38;2;73;26;32ma[38;2;71;25;31ma[38;2;74;26;33ma[38;2;60;22;27mh[38;2;0;0;0m0[38;2;37;9;13mb[38;2;75;18;26ma[38;2;169;41;58mM[38;2;243;60;84m&[38;2;96;22;31mo[38;2;5;12;12mw[38;2;213;220;228m@[38;2;243;250;255m$[38;2;239;246;255m@[38;2;239;246;255m$[38;2;239;246;255m@[38;2;239;246;255m$[38;2;239;246;255m@[38;2;239;246;255m$[38;2;240;247;255m@[38;2;238;245;251m$[38;2;88;91;94mM[38;2;49;50;52mo[38;2;7;8;8mm[38;2;27;28;29mk[38;2;43;45;45ma[38;2;138;142;147m8[38;2;246;253;255m$[38;2;239;246;255m$[38;2;239;246;255m$[38;2;240;246;255m@[38;2;230;243;255m$[38;2;216;238;255m@[38;2;217;238;255m@[38;2;217;238;255m$[38;2;217;238;255m@[38;2;217;238;255m$[38;2;225;247;255m@[38;2;83;92;98mW[38;2;0;0;0mY[0m
[38;2;0;0;0m.[38;2;92;95;98mW[38;2;248;255;255m$[38;2;239;246;255m@[38;2;240;247;255m$[38;2;242;249;255m$[38;2;53;58;60mo[38;2;37;8;12md[38;2;233;83;103m8[38;2;238;85;106m8[38;2;241;86;107m8[38;2;240;86;106m8[38;2;244;87;108m8[38;2;201;72;89m&[38;2;139;50;62mM[38;2;232;83;103m8[38;2;246;88;109m8[38;2;252;90;112m8[38;2;118;42;52m#[38;2;0;0;0m.[38;2;181;44;62mM[38;2;240;59;83m&[38;2;232;57;80m&[38;2;238;58;82m&[38;2;96;22;31mo[38;2;5;12;12mm[38;2;213;220;228m@[38;2;243;250;255m$[38;2;239;246;255m$[38;2;239;246;255m$[38;2;239;246;255m$[38;2;239;246;255m@[38;2;239;246;255m$[38;2;239;246;255m$[38;2;239;246;255m$[38;2;241;248;255m$[38;2;221;227;232m@[38;2;120;124;128m8[38;2;32;33;34mk[38;2;46;47;49mo[38;2;154;158;162m%[38;2;233;240;245m$[38;2;240;247;255m@[38;2;239;246;255m$[38;2;239;246;255m$[38;2;240;246;255m$[38;2;230;243;255m@[38;2;216;238;255m$[38;2;217;238;255m@[38;2;217;238;255m$[38;2;217;238;255m@[38;2;217;238;255m@[38;2;225;247;255m$[38;2;83;92;98mW[38;2;0;0;0m.[0m
[38;2;0;0;0m.[38;2;92;95;98mW[38;2;248;255;255m$[38;2;239;246;255m$[38;2;240;247;255m$[38;2;242;249;255m@[38;2;53;58;60m#[38;2;37;8;12mq[38;2;233;83;103m8[38;2;236;84;105m&[38;2;235;84;104m8[38;2;235;84;104m8[38;2;241;86;107m8[38;2;185;66;82mW[38;2;6;2;3mL[38;2;83;30;36mo[38;2;228;82;101m8[38;2;150;54;67mM[38;2;3;1;1mL[38;2;114;28;39m*[38;2;236;58;81m&[38;2;229;56;79m&[38;2;229;56;79m&[38;2;238;58;82m&[38;2;96;22;31mo[38;2;5;12;12mm[38;2;213;220;228m@[38;2;243;250;255m$[38;2;239;246;255m@[38;2;242;249;255m$[38;2;248;255;255m$[38;2;249;255;255m$[38;2;249;255;255m$[38;2;249;255;255m$[38;2;249;255;255m$[38;2;248;255;255m$[38;2;251;255;255m$[38;2;255;255;255m$[38;2;238;245;254m$[38;2;244;251;255m$[38;2;255;255;255m$[38;2;250;255;255m$[38;2;248;255;255m$[38;2;249;255;255m$[38;2;249;255;255m$[38;2;250;255;255m$[38;2;236;251;255m$[38;2;223;246;255m@[38;2;219;240;255m$[38;2;217;238;255m@[38;2;217;238;255m$[38;2;217;238;255m@[38;2;225;247;255m$[38;2;83;92;98mM[38;2;0;0;0mc[0m
[38;2;0;0;0m.[38;2;92;95;98mW[38;2;248;255;255m$[38;2;239;246;255m@[38;2;240;247;255m$[38;2;242;249;255m$[38;2;53;58;60m*[38;2;37;8;12mq[38;2;233;83;103m8[38;2;236;84;105m8[38;2;236;84;104m8[38;2;239;85;106m8[38;2;241;86;107m8[38;2;251;90;111m8[38;2;192;68;85m&[38;2;25;9;11mw[38;2;21;8;10mm[38;2;2;1;1mY[38;2;119;29;41m*[38;2;243;59;84m&[38;2;236;58;81m&[38;2;232;57;80m&[38;2;229;56;79m&[38;2;238;58;82m&[38;2;96;22;31ma[38;2;5;12;12mw[38;2;213;220;228m@[38;2;243;250;255m$[38;2;242;249;255m$[38;2;217;223;230m@[38;2;151;156;164m%[38;2;130;136;145m8[38;2;130;136;145m8[38;2;130;136;146m8[38;2;130;136;146m&[38;2;130;136;146m8[38;2;130;136;146m8[38;2;130;136;146m8[38;2;132;138;148m8[38;2;132;138;147m8[38;2;130;136;146m8[38;2;130;137;146m8[38;2;130;137;147m8[38;2;130;137;147m8[38;2;130;137;147m8[38;2;131;137;146m8[38;2;123;135;148m8[38;2;150;166;179m%[38;2;210;230;245m@[38;2;218;240;255m$[38;2;217;238;255m@[38;2;217;238;255m$[38;2;225;247;255m@[38;2;83;92;98mW[38;2;0;0;0m.[0m
[38;2;0;0;0m.[38;2;92;95;98mW[38;2;248;255;255m$[38;2;239;246;255m$[38;2;240;247;255m$[38;2;242;249;255m$[38;2;53;58;60mo[38;2;37;8;12mp[38;2;233;83;103m8[38;2;237;84;105m8[38;2;231;82;102m&[38;2;205;73;90m&[38;2;177;63;79mW[38;2;131;47;58m#[38;2;75;28;34mo[38;2;37;13;16md[38;2;78;19;27ma[38;2;47;11;16mb[38;2;51;13;18mb[38;2;118;29;41m*[38;2;177;43;61mM[38;2;208;51;72mW[38;2;229;56;79m&[38;2;238;58;82m&[38;2;96;22;31ma[38;2;5;12;12mq[38;2;213;220;228m@[38;2;245;252;255m$[38;2;226;233;240m@[38;2;35;37;41mh[38;2;41;33;13mk[38;2;126;108;52mW[38;2;126;105;51mW[38;2;126;105;51m&[38;2;126;105;51mW[38;2;126;105;51m&[38;2;126;104;51mW[38;2;128;106;51mW[38;2;136;113;55m&[38;2;135;112;54m&[38;2;127;105;51mW[38;2;125;97;43mW[38;2;124;88;36mW[38;2;124;89;37mM[38;2;124;89;37mW[38;2;125;90;37mM[38;2;119;85;35mW[38;2;12;6;0mO[38;2;81;90;97mM[38;2;222;244;255m$[38;2;217;238;255m@[38;2;217;238;255m@[38;2;225;247;255m$[38;2;83;92;98mM[38;2;0;0;0mQ[0m
[38;2;0;0;0m.[38;2;92;95;98mW[38;2;248;255;255m$[38;2;239;246;255m@[38;2;240;247;255m$[38;2;242;249;255m$[38;2;51;56;58mo[38;2;38;8;12mp[38;2;240;86;106m8[38;2;248;88;110m8[38;2;201;72;89m&[38;2;71;25;31ma[38;2;75;27;33ma[38;2;106;37;46m*[38;2;159;49;64mM[38;2;216;57;78m&[38;2;245;60;84m&[38;2;232;57;80m&[38;2;173;42;60mM[38;2;104;26;36mo[38;2;67;16;23mh[38;2;93;23;32mo[38;2;230;56;79m&[38;2;247;60;85m&[38;2;99;23;32mo[38;2;3;10;10mm[38;2;212;219;227m@[38;2;247;254;255m$[38;2;212;219;227m@[38;2;0;2;7mY[38;2;111;93;48mW[38;2;255;233;124m@[38;2;255;224;119m@[38;2;255;224;119m@[38;2;255;224;119m@[38;2;255;224;119m@[38;2;255;226;120m@[38;2;255;218;116m@[38;2;160;135;72m8[38;2;181;153;81m%[38;2;255;228;121m@[38;2;255;220;115m@[38;2;255;196;94mB[38;2;255;193;91m@[38;2;255;194;92mB[38;2;255;195;92m@[38;2;255;192;91mB[38;2;41;29;9mh[38;2;43;50;56mo[38;2;220;241;255m@[38;2;218;239;255m$[38;2;217;238;255m@[38;2;225;247;255m$[38;2;83;92;98mW[38;2;0;0;0m.[0m
[38;2;0;0;0m.[38;2;92;95;98mW[38;2;248;255;255m$[38;2;239;246;255m$[38;2;240;247;255m$[38;2;244;251;255m@[38;2;67;71;73mM[38;2;13;0;0mY[38;2;159;50;65mM[38;2;166;53;68mM[38;2;165;53;67mW[38;2;162;52;66mM[38;2;167;49;65mM[38;2;171;41;58mM[38;2;168;35;52mM[38;2;163;32;49m#[38;2;160;32;49m#[38;2;161;32;49m#[38;2;167;34;51mM[38;2;169;34;52mM[38;2;162;32;49m#[38;2;158;31;48m#[38;2;160;32;49m#[38;2;165;33;50m#[38;2;54;4;10mb[38;2;13;18;19mp[38;2;220;227;235m@[38;2;246;253;255m$[38;2;213;220;228m@[38;2;4;6;11m0[38;2;107;90;46mW[38;2;255;224;119m@[38;2;255;215;114m@[38;2;255;215;114m@[38;2;255;215;114m@[38;2;255;215;114m@[38;2;255;223;118m@[38;2;120;101;54mW[38;2;0;0;0mU[38;2;0;0;0m.[38;2;175;148;78m%[38;2;255;225;120m@[38;2;253;197;98m@[38;2;251;185;87mB[38;2;251;186;88mB[38;2;252;187;88mB[38;2;249;184;87mB[38;2;40;28;9mh[38;2;47;54;60m*[38;2;220;241;255m$[38;2;218;239;255m@[38;2;217;238;255m$[38;2;225;247;255m@[38;2;83;92;98mW[38;2;0;0;0m.[0m
[38;2;0;0;0m.[38;2;92;95;98mW[38;2;248;255;255m$[38;2;239;246;255m@[38;2;239;246;255m$[38;2;242;249;255m$[38;2;210;216;222m@[38;2;117;122;126m&[38;2;85;91;94mW[38;2;85;90;93mM[38;2;85;90;93mW[38;2;86;91;94mW[38;2;85;90;93mW[38;2;85;90;93mM[38;2;85;91;94mW[38;2;85;91;94mW[38;2;85;91;94mM[38;2;85;91;94mW[38;2;85;91;94mM[38;2;85;91;94mW[38;2;86;91;94mM[38;2;86;91;94mW[38;2;85;91;94mW[38;2;85;91;94mM[38;2;102;107;111m&[38;2;184;189;195mB[38;2;242;249;255m$[38;2;243;250;255m$[38;2;213;220;228m@[38;2;4;6;11mC[38;2;107;90;46mW[38;2;255;224;119m@[38;2;255;215;114m@[38;2;255;215;114m@[38;2;255;215;114m@[38;2;255;223;118m@[38;2;188;159;84m%[38;2;0;0;0m0[38;2;125;105;56m&[38;2;76;64;34m*[38;2;23;20;10md[38;2;230;197;105mB[38;2;255;205;103m@[38;2;251;185;87mB[38;2;251;186;88mB[38;2;252;187;88m@[38;2;249;184;87mB[38;2;40;28;9mh[38;2;47;54;60mo[38;2;220;241;255m@[38;2;218;239;255m$[38;2;217;238;255m@[38;2;225;247;255m$[38;2;83;92;98mM[38;2;0;0;0mC[0m
[38;2;0;0;0m.[38;2;92;95;98mW[38;2;248;255;255m$[38;2;239;246;255m$[38;2;239;246;255m$[38;2;239;246;255m@[38;2;243;250;255m$[38;2;248;255;255m$[38;2;247;255;255m$[38;2;247;255;255m$[38;2;247;255;255m$[38;2;247;255;255m$[38;2;247;255;255m$[38;2;247;255;255m$[38;2;250;255;255m$[38;2;255;255;255m$[38;2;255;255;255m$[38;2;252;255;255m$[38;2;247;255;255m$[38;2;247;255;255m$[38;2;247;255;255m$[38;2;247;255;255m$[38;2;247;255;255m$[38;2;247;255;255m$[38;2;248;255;255m$[38;2;245;252;255m$[38;2;239;246;255m$[38;2;243;250;255m@[38;2;213;220;228m@[38;2;4;6;11mZ[38;2;107;90;46mM[38;2;255;224;119m@[38;2;255;215;114m@[38;2;255;215;114m@[38;2;255;218;116m@[38;2;236;202;107mB[38;2;33;28;15mh[38;2;58;49;26mo[38;2;254;219;116m@[38;2;225;191;101mB[38;2;16;14;7mp[38;2;83;71;38m#[38;2;253;201;100m@[38;2;252;186;88mB[38;2;251;186;88mB[38;2;252;187;88mB[38;2;249;184;87mB[38;2;40;28;9mh[38;2;47;54;60m*[38;2;220;241;255m$[38;2;218;239;255m@[38;2;217;238;255m$[38;2;225;247;255m@[38;2;83;92;98mW[38;2;0;0;0mv[0m
[38;2;0;0;0m.[38;2;92;95;98mW[38;2;248;255;255m$[38;2;239;246;255m@[38;2;239;246;255m$[38;2;239;246;255m$[38;2;239;246;255m$[38;2;239;246;255m$[38;2;239;246;255m@[38;2;239;246;255m$[38;2;239;246;255m$[38;2;239;246;255m@[38;2;239;246;255m$[38;2;246;253;255m$[38;2;220;226;232m@[38;2;124;127;132m8[38;2;105;108;112mW[38;2;196;202;208m@[38;2;247;254;255m$[38;2;240;247;255m$[38;2;239;246;255m$[38;2;239;246;255m@[38;2;239;246;255m$[38;2;239;246;255m$[38;2;239;246;255m@[38;2;239;246;255m$[38;2;239;246;255m$[38;2;243;250;255m$[38;2;213;220;228m@[38;2;4;6;11mm[38;2;107;90;46mW[38;2;255;224;119m@[38;2;255;215;114m@[38;2;255;216;114m@[38;2;255;221;117m@[38;2;95;80;43mM[38;2;7;6;3mm[38;2;200;169;90m%[38;2;244;211;112m@[38;2;246;214;113m@[38;2;149;126;67m&[38;2;0;0;0mJ[38;2;155;115;55m&[38;2;255;194;92m@[38;2;251;186;88mB[38;2;252;187;88m@[38;2;249;184;87mB[38;2;40;28;9mh[38;2;47;54;60mo[38;2;220;241;255m@[38;2;218;239;255m$[38;2;217;238;255m@[38;2;225;247;255m$[38;2;83;92;98mM[38;2;0;0;0mL[0m
[38;2;0;0;0m.[38;2;92;95;98mW[38;2;248;255;255m$[38;2;239;246;255m$[38;2;239;246;255m$[38;2;239;246;255m@[38;2;239;246;255m$[38;2;239;246;255m$[38;2;239;246;255m$[38;2;239;246;255m@[38;2;239;246;255m$[38;2;239;246;255m$[38;2;245;252;255m$[38;2;159;163;167m%[38;2;30;31;32mk[38;2;1;1;1m.[38;2;0;0;0m.[38;2;18;19;20mq[38;2;112;115;119m&[38;2;240;247;252m@[38;2;240;247;255m$[38;2;239;246;255m$[38;2;239;246;255m$[38;2;239;246;255m@[38;2;239;246;255m$[38;2;239;246;255m$[38;2;239;246;255m@[38;2;243;250;255m$[38;2;213;220;228m@[38;2;4;6;11m0[38;2;107;90;46mW[38;2;255;224;119m@[38;2;255;215;114m@[38;2;255;223;119m@[38;2;168;141;75m8[38;2;0;0;0mC[38;2;31;26;14mk[38;2;64;54;29m*[38;2;60;51;27mo[38;2;60;52;27mo[38;2;62;53;28m*[38;2;16;12;6mq[38;2;16;12;6mq[38;2;216;160;76m%[38;2;255;190;90mB[38;2;252;187;88mB[38;2;249;184;87mB[38;2;40;28;9mh[38;2;47;54;60m*[38;2;220;241;255m@[38;2;218;239;255m$[38;2;217;238;255m@[38;2;225;247;255m$[38;2;83;92;98mM[38;2;0;0;0mC[0m
[38;2;0;0;0m.[38;2;92;95;98mW[38;2;248;255;255m$[38;2;239;246;255m$[38;2;239;246;255m@[38;2;239;246;255m$[38;2;239;246;255m$[38;2;239;246;255m@[38;2;239;246;255m$[38;2;239;246;255m$[38;2;239;246;255m$[38;2;239;246;255m@[38;2;242;249;255m$[38;2;197;203;210mB[38;2;186;191;194mB[38;2;71;73;76mM[38;2;22;22;24md[38;2;186;192;198mB[38;2;180;186;191mB[38;2;238;245;253m$[38;2;239;246;255m$[38;2;239;246;255m@[38;2;239;246;255m$[38;2;239;246;255m$[38;2;239;246;255m$[38;2;239;246;255m@[38;2;239;246;255m$[38;2;243;250;255m$[38;2;213;220;228m@[38;2;4;6;11mL[38;2;107;90;46mM[38;2;255;224;119m@[38;2;255;219;116m@[38;2;221;188;100mB[38;2;11;9;5mw[38;2;77;65;34m#[38;2;233;201;107mB[38;2;233;197;104m@[38;2;233;197;105mB[38;2;233;196;104mB[38;2;232;183;91mB[38;2;214;159;75m%[38;2;24;18;8mb[38;2;57;42;20mo[38;2;246;184;87mB[38;2;253;188;89m@[38;2;249;184;87mB[38;2;40;28;9mh[38;2;47;54;60m*[38;2;220;241;255m$[38;2;218;239;255m@[38;2;217;238;255m@[38;2;225;247;255m$[38;2;83;92;98mM[38;2;0;0;0mL[0m
[38;2;0;0;0m.[38;2;92;95;98mW[38;2;248;255;255m$[38;2;239;246;255m$[38;2;239;246;255m$[38;2;239;246;255m@[38;2;239;246;255m$[38;2;239;246;255m$[38;2;239;246;255m@[38;2;239;246;255m$[38;2;239;246;255m$[38;2;239;246;255m$[38;2;239;246;255m$[38;2;243;250;255m$[38;2;254;255;255m$[38;2;84;86;89mM[38;2;8;8;8mw[38;2;222;229;237m@[38;2;255;255;255m$[38;2;249;255;255m$[38;2;249;255;255m$[38;2;249;255;255m$[38;2;249;255;255m$[38;2;249;255;255m$[38;2;241;248;255m$[38;2;239;246;255m$[38;2;239;246;255m$[38;2;243;250;255m$[38;2;212;219;227m@[38;2;0;2;7m.[38;2;111;93;48mW[38;2;255;233;124m@[38;2;255;227;120m@[38;2;237;199;106m@[38;2;155;131;69m&[38;2;244;205;109m@[38;2;255;230;122m@[38;2;255;226;120m@[38;2;255;220;114m@[38;2;255;204;100m@[38;2;255;195;92m@[38;2;255;200;94mB[38;2;210;156;74m%[38;2;157;116;55m8[38;2;254;188;89mB[38;2;255;196;92m@[38;2;255;191;91mB[38;2;41;28;9mh[38;2;43;50;56ma[38;2;220;241;255m@[38;2;218;239;255m$[38;2;217;238;255m@[38;2;225;247;255m$[38;2;83;92;98mM[38;2;0;0;0mQ[0m
[38;2;0;0;0m.[38;2;92;95;98mW[38;2;248;255;255m$[38;2;239;246;255m@[38;2;239;246;255m$[38;2;239;246;255m$[38;2;239;246;255m$[38;2;239;246;255m$[38;2;239;246;255m$[38;2;239;246;255m@[38;2;239;246;255m$[38;2;239;246;255m@[38;2;239;246;255m$[38;2;239;246;255m@[38;2;244;251;255m$[38;2;196;202;208mB[38;2;47;49;50m*[38;2;45;47;48mo[38;2;107;110;111m&[38;2;115;118;122m&[38;2;114;118;122m&[38;2;114;118;122m&[38;2;114;117;122m&[38;2;120;124;128m&[38;2;215;222;230m@[38;2;242;249;255m$[38;2;239;246;255m@[38;2;241;248;255m$[38;2;227;234;240m@[38;2;37;39;43ma[38;2;40;32;13mh[38;2;122;105;51m&[38;2;122;101;49mW[38;2;125;104;50mW[38;2;133;110;54m&[38;2;125;104;50mW[38;2;122;101;49mW[38;2;122;96;44mW[38;2;121;87;36mW[38;2;121;86;35mM[38;2;121;87;36mW[38;2;121;87;36mW[38;2;127;91;38mW[38;2;131;94;39mW[38;2;122;87;36mW[38;2;122;88;36mM[38;2;116;83;34mW[38;2;12;7;0mO[38;2;83;92;99mW[38;2;222;244;255m$[38;2;217;238;255m@[38;2;217;238;255m$[38;2;225;247;255m@[38;2;83;92;98mW[38;2;0;0;0mY[0m
[38;2;0;0;0m.[38;2;94;98;101mW[38;2;255;255;255m$[38;2;246;254;255m$[38;2;246;254;255m$[38;2;246;254;255m$[38;2;246;254;255m$[38;2;246;254;255m@[38;2;246;254;255m$[38;2;246;254;255m$[38;2;246;254;255m$[38;2;246;254;255m$[38;2;246;254;255m$[38;2;246;254;255m$[38;2;246;253;255m$[38;2;252;255;255m$[38;2;240;247;255m$[38;2;185;190;197mB[38;2;147;152;158m%[38;2;142;146;151m8[38;2;142;146;151m8[38;2;142;146;151m%[38;2;142;146;151m8[38;2;147;152;157m%[38;2;227;233;242m@[38;2;249;255;255m$[38;2;242;249;255m$[38;2;240;247;255m$[38;2;245;252;255m$[38;2;226;232;240m@[38;2;162;168;176m%[38;2;141;147;157m%[38;2;141;147;157m8[38;2;141;147;157m%[38;2;141;147;157m8[38;2;141;147;157m%[38;2;141;147;157m%[38;2;142;148;158m8[38;2;137;147;158m%[38;2;128;144;158m8[38;2;127;144;158m8[38;2;127;144;158m8[38;2;127;144;158m8[38;2;127;144;158m8[38;2;127;144;158m8[38;2;127;143;158m8[38;2;128;144;159m8[38;2;160;177;190mB[38;2;217;238;254m@[38;2;225;247;255m$[38;2;224;245;255m@[38;2;224;245;255m$[38;2;233;255;255m$[38;2;85;94;101mW[38;2;0;0;0m.[0m
[38;2;0;0;0m.[38;2;35;36;37mh[38;2;158;163;166m%[38;2;175;180;185mB[38;2;173;179;185m%[38;2;173;178;185mB[38;2;173;178;185m%[38;2;173;178;185mB[38;2;173;178;185mB[38;2;173;178;185m%[38;2;173;178;185mB[38;2;173;178;185m%[38;2;173;178;185mB[38;2;173;178;185mB[38;2;173;178;185m%[38;2;173;178;185mB[38;2;175;180;187mB[38;2;180;185;192mB[38;2;182;188;195mB[38;2;183;188;195mB[38;2;183;188;195mB[38;2;183;188;195mB[38;2;183;188;195mB[38;2;182;188;195mB[38;2;175;180;187mB[38;2;175;180;187mB[38;2;219;226;234m@[38;2;239;245;252m@[38;2;219;226;234m@[38;2;178;184;190mB[38;2;182;187;194mB[38;2;183;188;195mB[38;2;183;188;195mB[38;2;183;188;195mB[38;2;183;188;195mB[38;2;183;188;195mB[38;2;183;188;195mB[38;2;179;187;195mB[38;2;168;183;195mB[38;2;166;182;195mB[38;2;166;182;195mB[38;2;166;182;195mB[38;2;166;182;195mB[38;2;166;182;195mB[38;2;166;182;195mB[38;2;166;182;195mB[38;2;166;182;195mB[38;2;164;180;193m%[38;2;159;174;187mB[38;2;157;172;185m%[38;2;157;173;185mB[38;2;159;174;185m%[38;2;143;157;166m%[38;2;32;35;37mk[38;2;0;0;0mn[0m
